3.000000000000000000e+02 5.269450056578000385e+02
3.010000000000000000e+02 5.405873750107999740e+02
3.020000000000000000e+02 5.401759334587000012e+02
3.030000000000000000e+02 5.423969435630999669e+02
3.040000000000000000e+02 5.424434935417999668e+02
3.050000000000000000e+02 5.368240610694999759e+02
3.060000000000000000e+02 5.341299803184000439e+02
3.070000000000000000e+02 5.347471492050000279e+02
3.080000000000000000e+02 5.374458023048999848e+02
3.090000000000000000e+02 5.359724882768999805e+02
3.100000000000000000e+02 5.424786021313000219e+02
3.110000000000000000e+02 5.469687412659000074e+02
3.120000000000000000e+02 5.252378484071000457e+02
3.130000000000000000e+02 5.345230973133999441e+02
3.140000000000000000e+02 5.465669402265999679e+02
3.150000000000000000e+02 5.395296440401999689e+02
3.160000000000000000e+02 5.287212343718999819e+02
3.170000000000000000e+02 5.502961136172999659e+02
3.180000000000000000e+02 5.448199082764999730e+02
3.190000000000000000e+02 5.464626517888999615e+02
3.200000000000000000e+02 5.488385045720999642e+02
3.210000000000000000e+02 5.348468152369999871e+02
3.220000000000000000e+02 5.351764305702999991e+02
3.230000000000000000e+02 5.267524855003999846e+02
3.240000000000000000e+02 5.323949149649999981e+02
3.250000000000000000e+02 5.385084333178999714e+02
3.260000000000000000e+02 5.436783098432000543e+02
3.270000000000000000e+02 5.524035709350999923e+02
3.280000000000000000e+02 5.507875651819999803e+02
3.290000000000000000e+02 5.505694101635000379e+02
3.300000000000000000e+02 5.510996836061000295e+02
3.310000000000000000e+02 5.504411630944999843e+02
3.320000000000000000e+02 5.498422222501000078e+02
3.330000000000000000e+02 5.474004123319999735e+02
3.340000000000000000e+02 5.438049186237000185e+02
3.350000000000000000e+02 5.374177032134999763e+02
3.360000000000000000e+02 5.491878478332999975e+02
3.370000000000000000e+02 5.409719658248000087e+02
3.380000000000000000e+02 5.456267537531000471e+02
3.390000000000000000e+02 5.446986481980000008e+02
3.400000000000000000e+02 5.519626432876000308e+02
3.410000000000000000e+02 5.489033226028000172e+02
3.420000000000000000e+02 5.500291285335000566e+02
3.430000000000000000e+02 5.568118959634999783e+02
3.440000000000000000e+02 5.446372334681999519e+02
3.450000000000000000e+02 5.564291261655999961e+02
3.460000000000000000e+02 5.569968445109999493e+02
3.470000000000000000e+02 5.555020696474999795e+02
3.480000000000000000e+02 5.533350249556000335e+02
3.490000000000000000e+02 5.528901878417000262e+02
3.500000000000000000e+02 5.538719704929000045e+02
3.510000000000000000e+02 5.517652853862000484e+02
3.520000000000000000e+02 5.569221494306999602e+02
3.530000000000000000e+02 5.553012684817999798e+02
3.540000000000000000e+02 5.567399691862999589e+02
3.550000000000000000e+02 5.590442093151000336e+02
3.560000000000000000e+02 5.578061571143000492e+02
3.570000000000000000e+02 5.564429151644000058e+02
3.580000000000000000e+02 5.540534877282000252e+02
3.590000000000000000e+02 5.568983705836000127e+02
3.600000000000000000e+02 5.567384755555999618e+02
3.610000000000000000e+02 5.543609970349999685e+02
3.620000000000000000e+02 5.515258215579000307e+02
3.630000000000000000e+02 5.565737221506999504e+02
3.640000000000000000e+02 5.575765438107999898e+02
3.650000000000000000e+02 5.561665339103999486e+02
3.660000000000000000e+02 5.588581563725000478e+02
3.670000000000000000e+02 5.615212694486000373e+02
3.680000000000000000e+02 5.552919420880999724e+02
3.690000000000000000e+02 5.535968449806999843e+02
3.700000000000000000e+02 5.587206882397000527e+02
3.710000000000000000e+02 5.652162531694000336e+02
3.720000000000000000e+02 5.959346409175000190e+02
3.730000000000000000e+02 6.445851215753000361e+02
3.740000000000000000e+02 7.328552538515999686e+02
3.750000000000000000e+02 6.462433005673999560e+02
3.760000000000000000e+02 9.316057900627999970e+02
3.770000000000000000e+02 6.702409289324000383e+02
3.780000000000000000e+02 1.101186344046200020e+03
3.790000000000000000e+02 1.028019999613700065e+03
3.800000000000000000e+02 7.221456393918999765e+02
3.810000000000000000e+02 1.299400079863200062e+03
3.820000000000000000e+02 1.376507034417900059e+03
3.830000000000000000e+02 8.717655157717000520e+02
3.840000000000000000e+02 8.368185064335999641e+02
3.850000000000000000e+02 1.420905615295600001e+03
3.860000000000000000e+02 1.615545326109300049e+03
3.870000000000000000e+02 1.573946258272000023e+03
3.880000000000000000e+02 1.120497351492100051e+03
3.890000000000000000e+02 6.875054114230999858e+02
3.900000000000000000e+02 1.237827208992599935e+03
3.910000000000000000e+02 1.625846990227300012e+03
3.920000000000000000e+02 1.731505034492000050e+03
3.930000000000000000e+02 1.667718560761499930e+03
3.940000000000000000e+02 1.664670366228499915e+03
3.950000000000000000e+02 1.566123195716400005e+03
3.960000000000000000e+02 1.164545571257300026e+03
3.970000000000000000e+02 6.633930247657000336e+02
3.980000000000000000e+02 1.157906648538199988e+03
3.990000000000000000e+02 1.562970000764699989e+03
4.000000000000000000e+02 1.692681006352200029e+03
4.010000000000000000e+02 1.735487446519299965e+03
4.020000000000000000e+02 1.745338964104600109e+03
4.030000000000000000e+02 1.735706770257000016e+03
4.040000000000000000e+02 1.726065324656700113e+03
4.050000000000000000e+02 1.704892468613900064e+03
4.060000000000000000e+02 1.681775294627799894e+03
4.070000000000000000e+02 1.636913160527200034e+03
4.080000000000000000e+02 1.531605690883500074e+03
4.090000000000000000e+02 1.202239899473800051e+03
4.100000000000000000e+02 6.790854622238000502e+02
4.110000000000000000e+02 1.000313404457700017e+03
4.120000000000000000e+02 1.431559685171499950e+03
4.130000000000000000e+02 1.578695930979200057e+03
4.140000000000000000e+02 1.632705797663800013e+03
4.150000000000000000e+02 1.646830225248899978e+03
4.160000000000000000e+02 1.654754334192600027e+03
4.170000000000000000e+02 1.655604955493000034e+03
4.180000000000000000e+02 1.642305400009300001e+03
4.190000000000000000e+02 1.638112470365199897e+03
4.200000000000000000e+02 1.632882370107600082e+03
4.210000000000000000e+02 1.630672806793400014e+03
4.220000000000000000e+02 1.622527058749599973e+03
4.230000000000000000e+02 1.594180876596999951e+03
4.240000000000000000e+02 1.598770698984699948e+03
4.250000000000000000e+02 1.587922111562900000e+03
4.260000000000000000e+02 1.595587898152800108e+03
4.270000000000000000e+02 1.568383661553499905e+03
4.280000000000000000e+02 1.562063623232199916e+03
4.290000000000000000e+02 1.538944606327899919e+03
4.300000000000000000e+02 1.512837231942899962e+03
4.310000000000000000e+02 1.475832344577300091e+03
4.320000000000000000e+02 1.338646205983799973e+03
4.330000000000000000e+02 1.024035975692100010e+03
4.340000000000000000e+02 6.304642062497999859e+02
4.350000000000000000e+02 9.730748782435000521e+02
4.360000000000000000e+02 1.310317588396600058e+03
4.370000000000000000e+02 1.431037090682500093e+03
4.380000000000000000e+02 1.464920572620799931e+03
4.390000000000000000e+02 1.469720245513799910e+03
4.400000000000000000e+02 1.470522091380099937e+03
4.410000000000000000e+02 1.483853985440299994e+03
4.420000000000000000e+02 1.480583320989999947e+03
4.430000000000000000e+02 1.484757721613600097e+03
4.440000000000000000e+02 1.468470490476300029e+03
4.450000000000000000e+02 1.467645908060100055e+03
4.460000000000000000e+02 1.472193040064599927e+03
4.470000000000000000e+02 1.459226077517799922e+03
4.480000000000000000e+02 1.426161665036800059e+03
4.490000000000000000e+02 1.438664200894899977e+03
4.500000000000000000e+02 1.447640070179000077e+03
4.510000000000000000e+02 1.443426299786900017e+03
4.520000000000000000e+02 1.414806400615399980e+03
4.530000000000000000e+02 1.412476451650399895e+03
4.540000000000000000e+02 1.416879835099100092e+03
4.550000000000000000e+02 1.387886948741200058e+03
4.560000000000000000e+02 1.396940374312699987e+03
4.570000000000000000e+02 1.391197976092699946e+03
4.580000000000000000e+02 1.383883359302800045e+03
4.590000000000000000e+02 1.375306300560800082e+03
4.600000000000000000e+02 1.392876789003099930e+03
4.610000000000000000e+02 1.386403313632499930e+03
4.620000000000000000e+02 1.366759414820500069e+03
4.630000000000000000e+02 1.371209769666600096e+03
4.640000000000000000e+02 1.370936172865699973e+03
4.650000000000000000e+02 1.365092498695300037e+03
4.660000000000000000e+02 1.357564311582799974e+03
4.670000000000000000e+02 1.349333057208199989e+03
4.680000000000000000e+02 1.349376592461300106e+03
4.690000000000000000e+02 1.343694092174300067e+03
4.700000000000000000e+02 1.331216784365200056e+03
4.710000000000000000e+02 1.328859575439900027e+03
4.720000000000000000e+02 1.323368703251200031e+03
4.730000000000000000e+02 1.318147372258099949e+03
4.740000000000000000e+02 1.312645844747499950e+03
4.750000000000000000e+02 1.308986371334400019e+03
4.760000000000000000e+02 1.303289408510999920e+03
4.770000000000000000e+02 1.295678064206799945e+03
4.780000000000000000e+02 1.285502408305799918e+03
4.790000000000000000e+02 1.280255483747899916e+03
4.800000000000000000e+02 1.269541382203600051e+03
4.810000000000000000e+02 1.255261021912900105e+03
4.820000000000000000e+02 1.232089985256199952e+03
4.830000000000000000e+02 1.188661660265400087e+03
4.840000000000000000e+02 1.094601644738000005e+03
4.850000000000000000e+02 8.801578699207999534e+02
4.860000000000000000e+02 5.771485000333999551e+02
4.870000000000000000e+02 7.909986793289999696e+02
4.880000000000000000e+02 1.037642871162300025e+03
4.890000000000000000e+02 1.146792350642800102e+03
4.900000000000000000e+02 1.188421988399300062e+03
4.910000000000000000e+02 1.198067509579700072e+03
4.920000000000000000e+02 1.201167401372000086e+03
4.930000000000000000e+02 1.206540353187999926e+03
4.940000000000000000e+02 1.209258790861699936e+03
4.950000000000000000e+02 1.204932174072899898e+03
4.960000000000000000e+02 1.196495009662700113e+03
4.970000000000000000e+02 1.201825347491700086e+03
4.980000000000000000e+02 1.196899618487299904e+03
4.990000000000000000e+02 1.192747818476000020e+03
5.000000000000000000e+02 1.185627347508800085e+03
5.010000000000000000e+02 1.179906073736600092e+03
5.020000000000000000e+02 1.162028859050700021e+03
5.030000000000000000e+02 1.172436116454900002e+03
5.040000000000000000e+02 1.164655746133099910e+03
5.050000000000000000e+02 1.159720811850899963e+03
5.060000000000000000e+02 1.156751977538599931e+03
5.070000000000000000e+02 1.158073332096400009e+03
5.080000000000000000e+02 1.153461055951200024e+03
5.090000000000000000e+02 1.149455962044999978e+03
5.100000000000000000e+02 1.145047406421399955e+03
5.110000000000000000e+02 1.141866813598800036e+03
5.120000000000000000e+02 1.137303496903200084e+03
5.130000000000000000e+02 1.131498053082099887e+03
5.140000000000000000e+02 1.127284868761699954e+03
5.150000000000000000e+02 1.122900466851700003e+03
5.160000000000000000e+02 1.116799113547400111e+03
5.170000000000000000e+02 1.090256398029300044e+03
5.180000000000000000e+02 1.100879568834800011e+03
5.190000000000000000e+02 1.100635669847900090e+03
5.200000000000000000e+02 1.094070652791700013e+03
5.210000000000000000e+02 1.096911631025099950e+03
5.220000000000000000e+02 1.094136133436999899e+03
5.230000000000000000e+02 1.082418797730600090e+03
5.240000000000000000e+02 1.081028024370699995e+03
5.250000000000000000e+02 1.082397101062100091e+03
5.260000000000000000e+02 1.076423059274600064e+03
5.270000000000000000e+02 1.066687623835100112e+03
5.280000000000000000e+02 1.061672472621299903e+03
5.290000000000000000e+02 1.068069473476100029e+03
5.300000000000000000e+02 1.063654547547899938e+03
5.310000000000000000e+02 1.053712358793100066e+03
5.320000000000000000e+02 1.046996039588500025e+03
5.330000000000000000e+02 1.050100737553299950e+03
5.340000000000000000e+02 1.047774124576699933e+03
5.350000000000000000e+02 1.045663623581900083e+03
5.360000000000000000e+02 1.040688214547800044e+03
5.370000000000000000e+02 1.035956149786700053e+03
5.380000000000000000e+02 1.030052642746499941e+03
5.390000000000000000e+02 1.028755060486699904e+03
5.400000000000000000e+02 1.023315301546800015e+03
5.410000000000000000e+02 1.017688395666099950e+03
5.420000000000000000e+02 1.016001516786399975e+03
5.430000000000000000e+02 1.013452464253899961e+03
5.440000000000000000e+02 1.011467684459100042e+03
5.450000000000000000e+02 1.006964278599200043e+03
5.460000000000000000e+02 1.002927557596000042e+03
5.470000000000000000e+02 1.000874695572400014e+03
5.480000000000000000e+02 9.973891895547000104e+02
5.490000000000000000e+02 9.933797278693999715e+02
5.500000000000000000e+02 9.892559605456000327e+02
5.510000000000000000e+02 9.851747936207999601e+02
5.520000000000000000e+02 9.824716993360000288e+02
5.530000000000000000e+02 9.715736629163000089e+02
5.540000000000000000e+02 9.757408040816000039e+02
5.550000000000000000e+02 9.725761181945000544e+02
5.560000000000000000e+02 9.697167344199999661e+02
5.570000000000000000e+02 9.646400532681000186e+02
5.580000000000000000e+02 9.624332177846999912e+02
5.590000000000000000e+02 9.578678284101999907e+02
5.600000000000000000e+02 9.563857262930999923e+02
5.610000000000000000e+02 9.525157719758000212e+02
5.620000000000000000e+02 9.484655424415999505e+02
5.630000000000000000e+02 9.464586440430999801e+02
5.640000000000000000e+02 9.426095190032000346e+02
5.650000000000000000e+02 9.395881801535999784e+02
5.660000000000000000e+02 9.356235356875999969e+02
5.670000000000000000e+02 9.329205970781999895e+02
5.680000000000000000e+02 9.294934753730999546e+02
5.690000000000000000e+02 9.259707074793999482e+02
5.700000000000000000e+02 9.234914026922000403e+02
5.710000000000000000e+02 9.200313334927999449e+02
5.720000000000000000e+02 9.174777478231000032e+02
5.730000000000000000e+02 9.143707983476000436e+02
5.740000000000000000e+02 9.112897421484000233e+02
5.750000000000000000e+02 9.075728228182999828e+02
5.760000000000000000e+02 9.047256404418000102e+02
5.770000000000000000e+02 9.018021338275000289e+02
5.780000000000000000e+02 8.984538137242999483e+02
5.790000000000000000e+02 8.952411633254999970e+02
5.800000000000000000e+02 8.922200288377000561e+02
5.810000000000000000e+02 8.892630305817999670e+02
5.820000000000000000e+02 8.863823105630999635e+02
5.830000000000000000e+02 8.834613843040000347e+02
5.840000000000000000e+02 8.804629950134000183e+02
5.850000000000000000e+02 8.773000037017000068e+02
5.860000000000000000e+02 8.737793548877999683e+02
5.870000000000000000e+02 8.711618620332000091e+02
5.880000000000000000e+02 8.675899853964000386e+02
5.890000000000000000e+02 8.548204376848999573e+02
5.900000000000000000e+02 8.581529719139999770e+02
5.910000000000000000e+02 8.593311696178000147e+02
5.920000000000000000e+02 8.566582244525000078e+02
5.930000000000000000e+02 8.535271599157999844e+02
5.940000000000000000e+02 8.511317558311000084e+02
5.950000000000000000e+02 8.479493190619999723e+02
5.960000000000000000e+02 8.444673387834000096e+02
5.970000000000000000e+02 8.423999853474999782e+02
5.980000000000000000e+02 8.386717869061000101e+02
5.990000000000000000e+02 8.358435526519000405e+02
6.000000000000000000e+02 8.338439322046999678e+02
6.010000000000000000e+02 8.302457544223000241e+02
6.020000000000000000e+02 8.276673545341000136e+02
6.030000000000000000e+02 8.256485298446000343e+02
6.040000000000000000e+02 8.230700613607000378e+02
6.050000000000000000e+02 8.200246987261000413e+02
6.060000000000000000e+02 8.176685479815999997e+02
6.070000000000000000e+02 8.150115637264000270e+02
6.080000000000000000e+02 8.124314488674999666e+02
6.090000000000000000e+02 8.096966695915999708e+02
6.100000000000000000e+02 8.069612896546999536e+02
6.110000000000000000e+02 8.043026963731000478e+02
6.120000000000000000e+02 8.011398721051000393e+02
6.130000000000000000e+02 7.984935518756000192e+02
6.140000000000000000e+02 7.956719243736999942e+02
6.150000000000000000e+02 7.906279543658999955e+02
6.160000000000000000e+02 7.851016693809000344e+02
6.170000000000000000e+02 7.881888037848999602e+02
6.180000000000000000e+02 7.860332095067000182e+02
6.190000000000000000e+02 7.833563097346000177e+02
6.200000000000000000e+02 7.808239715173999684e+02
6.210000000000000000e+02 7.785613378184999647e+02
6.220000000000000000e+02 7.760573575483999775e+02
6.230000000000000000e+02 7.734228773569999476e+02
6.240000000000000000e+02 7.697277188130000241e+02
6.250000000000000000e+02 7.663138263971000015e+02
6.260000000000000000e+02 7.659535819392000349e+02
6.270000000000000000e+02 7.635678267084000481e+02
6.280000000000000000e+02 7.611176067691000071e+02
6.290000000000000000e+02 7.585029519943999503e+02
6.300000000000000000e+02 7.561422093285000301e+02
6.310000000000000000e+02 7.534767178895000370e+02
6.320000000000000000e+02 7.498377066251000542e+02
6.330000000000000000e+02 7.485908239102000152e+02
6.340000000000000000e+02 7.443221098520000396e+02
6.350000000000000000e+02 7.379299937916999852e+02
6.360000000000000000e+02 7.410073811506000538e+02
6.370000000000000000e+02 7.335930811040999515e+02
6.380000000000000000e+02 7.359246260697999560e+02
6.390000000000000000e+02 7.341086959115000354e+02
6.400000000000000000e+02 7.307686358710000150e+02
6.410000000000000000e+02 7.290533576732999563e+02
6.420000000000000000e+02 7.267458941101000391e+02
6.430000000000000000e+02 7.242103870375000270e+02
6.440000000000000000e+02 7.212073578660000521e+02
6.450000000000000000e+02 7.169785749097000007e+02
6.460000000000000000e+02 7.126513532856999973e+02
6.470000000000000000e+02 7.132292584115000409e+02
6.480000000000000000e+02 7.096087724973999684e+02
6.490000000000000000e+02 7.051507608903000346e+02
6.500000000000000000e+02 7.012800924647000329e+02
6.510000000000000000e+02 6.957704510833999620e+02
6.520000000000000000e+02 6.864342690201999631e+02
6.530000000000000000e+02 6.705948429031999467e+02
6.540000000000000000e+02 6.382125176191999572e+02
6.550000000000000000e+02 5.666344307811000363e+02
6.560000000000000000e+02 4.291186754122999787e+02
6.570000000000000000e+02 4.911391717363999874e+02
6.580000000000000000e+02 6.000326122408999936e+02
6.590000000000000000e+02 6.449702433027000552e+02
6.600000000000000000e+02 6.637592876684000203e+02
6.610000000000000000e+02 6.715440973393000377e+02
6.620000000000000000e+02 6.745688184084999648e+02
6.630000000000000000e+02 6.753873699309000358e+02
6.640000000000000000e+02 6.751324149263000436e+02
6.650000000000000000e+02 6.740705764204000161e+02
6.660000000000000000e+02 6.726510543255999437e+02
6.670000000000000000e+02 6.712401668336000284e+02
6.680000000000000000e+02 6.694866523890000281e+02
6.690000000000000000e+02 6.678882776722999779e+02
6.700000000000000000e+02 6.661499616336000145e+02
6.710000000000000000e+02 6.642654282762999856e+02
6.720000000000000000e+02 6.621028005706999693e+02
6.730000000000000000e+02 6.600284261921000279e+02
6.740000000000000000e+02 6.584842145482999740e+02
6.750000000000000000e+02 6.562828003488999684e+02
6.760000000000000000e+02 6.543377039363999756e+02
6.770000000000000000e+02 6.527739401840999562e+02
6.780000000000000000e+02 6.507631561466999983e+02
6.790000000000000000e+02 6.487850141768999492e+02
6.800000000000000000e+02 6.469935094385999719e+02
6.810000000000000000e+02 6.451287919289000001e+02
6.820000000000000000e+02 6.432057415924999759e+02
6.830000000000000000e+02 6.412861911510999562e+02
6.840000000000000000e+02 6.393716231383000377e+02
6.850000000000000000e+02 6.374635597492000443e+02
6.860000000000000000e+02 6.355613802584000496e+02
6.870000000000000000e+02 6.336653951350999705e+02
6.880000000000000000e+02 6.317754720643999917e+02
6.890000000000000000e+02 6.298933416982999915e+02
6.900000000000000000e+02 6.280165766318000351e+02
6.910000000000000000e+02 6.261434027942000284e+02
6.920000000000000000e+02 6.242782567573000279e+02
6.930000000000000000e+02 6.224269238223999992e+02
6.940000000000000000e+02 6.205650573432000101e+02
6.950000000000000000e+02 6.187383150002000320e+02
6.960000000000000000e+02 6.169023519140999952e+02
6.970000000000000000e+02 6.150755592826000111e+02
6.980000000000000000e+02 6.132548151262999454e+02
6.990000000000000000e+02 6.114420812043000524e+02
7.000000000000000000e+02 6.096624781816000223e+02
7.010000000000000000e+02 6.078875121541000226e+02
7.020000000000000000e+02 6.060927873959000181e+02
7.030000000000000000e+02 6.043048388076999800e+02
7.040000000000000000e+02 6.025236177862000204e+02
7.050000000000000000e+02 6.007494966824000358e+02
7.060000000000000000e+02 5.989360041572999762e+02
7.070000000000000000e+02 5.971707034679000117e+02
7.080000000000000000e+02 5.954691180239000232e+02
7.090000000000000000e+02 5.937227150114999858e+02
7.100000000000000000e+02 5.919848791995999591e+02
7.110000000000000000e+02 5.902529727249000189e+02
7.120000000000000000e+02 5.885257730570000376e+02
7.130000000000000000e+02 5.868075612802999785e+02
7.140000000000000000e+02 5.850965564563999806e+02
7.150000000000000000e+02 5.833925164014999609e+02
7.160000000000000000e+02 5.816923467251000375e+02
7.170000000000000000e+02 5.800013139252999963e+02
7.180000000000000000e+02 5.782989007871999547e+02
7.190000000000000000e+02 5.766392341667000210e+02
7.200000000000000000e+02 5.749622425781000175e+02
7.210000000000000000e+02 5.732947261944000275e+02
7.220000000000000000e+02 5.716384081661999517e+02
7.230000000000000000e+02 5.699920410231000005e+02
7.240000000000000000e+02 5.683470707563999440e+02
7.250000000000000000e+02 5.667081368128000349e+02
7.260000000000000000e+02 5.650730605746999800e+02
7.270000000000000000e+02 5.634488667109000062e+02
7.280000000000000000e+02 5.618228746139000123e+02
7.290000000000000000e+02 5.602158433060000107e+02
7.300000000000000000e+02 5.586104508756000087e+02
7.310000000000000000e+02 5.570100232511999820e+02
7.320000000000000000e+02 5.554150471269999798e+02
7.330000000000000000e+02 5.538194579926999950e+02
7.340000000000000000e+02 5.522407678555999837e+02
7.350000000000000000e+02 5.506632221311000421e+02
7.360000000000000000e+02 5.490924082120000094e+02
7.370000000000000000e+02 5.475243046271000367e+02
7.380000000000000000e+02 5.459663178444000096e+02
7.390000000000000000e+02 5.444125339181999834e+02
7.400000000000000000e+02 5.428625731742999960e+02
7.410000000000000000e+02 5.413221067649999441e+02
7.420000000000000000e+02 5.397850749031000532e+02
7.430000000000000000e+02 5.382541609405000145e+02
7.440000000000000000e+02 5.367278912274000504e+02
7.450000000000000000e+02 5.352079273260000036e+02
7.460000000000000000e+02 5.336937913105999769e+02
7.470000000000000000e+02 5.321833201371999849e+02
7.480000000000000000e+02 5.306735242746000267e+02
7.490000000000000000e+02 5.291792144234000261e+02
7.500000000000000000e+02 5.276869586177999736e+02
7.510000000000000000e+02 5.262008965915000545e+02
7.520000000000000000e+02 5.247196259352999732e+02
7.530000000000000000e+02 5.232432757863000461e+02
7.540000000000000000e+02 5.217731609687000400e+02
7.550000000000000000e+02 5.203090800672999876e+02
7.560000000000000000e+02 5.188493692972000417e+02
7.570000000000000000e+02 5.173982702211000060e+02
7.580000000000000000e+02 5.159519478429000401e+02
7.590000000000000000e+02 5.145104458334000128e+02
7.600000000000000000e+02 5.130733777194000140e+02
7.610000000000000000e+02 5.116450489361000109e+02
7.620000000000000000e+02 5.102218296789000078e+02
7.630000000000000000e+02 5.088011574874000189e+02
7.640000000000000000e+02 5.073843495625000060e+02
7.650000000000000000e+02 5.059696134772000278e+02
7.660000000000000000e+02 5.045002337134999948e+02
7.670000000000000000e+02 5.031062486015999866e+02
7.680000000000000000e+02 5.017774554040000226e+02
7.690000000000000000e+02 5.003735660099999905e+02
7.700000000000000000e+02 4.988383817917999750e+02
7.710000000000000000e+02 4.976316693287000135e+02
7.720000000000000000e+02 4.962737653266000279e+02
7.730000000000000000e+02 4.949127517315000091e+02
7.740000000000000000e+02 4.935544772292000175e+02
7.750000000000000000e+02 4.922012376485000118e+02
7.760000000000000000e+02 4.908527561893000097e+02
7.770000000000000000e+02 4.895091445144000204e+02
7.780000000000000000e+02 4.881700950210999963e+02
7.790000000000000000e+02 4.868361014443000272e+02
7.800000000000000000e+02 4.855076342826000086e+02
7.810000000000000000e+02 4.841823104932000206e+02
7.820000000000000000e+02 4.828632582419999721e+02
7.830000000000000000e+02 4.815492582096999854e+02
7.840000000000000000e+02 4.802390275079999924e+02
7.850000000000000000e+02 4.789344895297999756e+02
7.860000000000000000e+02 4.776340533018000087e+02
7.870000000000000000e+02 4.763395821353000201e+02
7.880000000000000000e+02 4.750490852159999804e+02
7.890000000000000000e+02 4.737623640912000269e+02
7.900000000000000000e+02 4.724812592298999903e+02
7.910000000000000000e+02 4.712047446158999833e+02
7.920000000000000000e+02 4.699357462997999733e+02
7.930000000000000000e+02 4.686785388702999740e+02
7.940000000000000000e+02 4.674160045396000100e+02
7.950000000000000000e+02 4.661578342049999719e+02
7.960000000000000000e+02 4.649041748266000127e+02
7.970000000000000000e+02 4.636557854783999915e+02
7.980000000000000000e+02 4.624123271874000238e+02
7.990000000000000000e+02 4.611773542299999917e+02
8.000000000000000000e+02 4.599425923422999745e+02
8.010000000000000000e+02 4.587115466007999771e+02
8.020000000000000000e+02 4.574844778204000022e+02
8.030000000000000000e+02 4.562617384069999957e+02
8.040000000000000000e+02 4.550443780149000190e+02
8.050000000000000000e+02 4.538302770912999904e+02
8.060000000000000000e+02 4.526220624535000070e+02
8.070000000000000000e+02 4.514146547106000185e+02
8.080000000000000000e+02 4.502152085477000014e+02
8.090000000000000000e+02 4.490174883605999980e+02
8.100000000000000000e+02 4.478278789779000135e+02
8.110000000000000000e+02 4.466369722814999932e+02
8.120000000000000000e+02 4.454549130315999719e+02
8.130000000000000000e+02 4.442766574056000195e+02
8.140000000000000000e+02 4.431002757570000199e+02
8.150000000000000000e+02 4.419329626242000018e+02
8.160000000000000000e+02 4.407645589420000078e+02
8.170000000000000000e+02 4.395961586956000247e+02
8.180000000000000000e+02 4.384292711617999885e+02
8.190000000000000000e+02 4.372725663251000014e+02
8.200000000000000000e+02 4.361221831883000277e+02
8.210000000000000000e+02 4.349891024341999923e+02
8.220000000000000000e+02 4.338467251142999999e+02
8.230000000000000000e+02 4.327107101470999737e+02
8.240000000000000000e+02 4.315590648382000154e+02
8.250000000000000000e+02 4.304088131876999910e+02
8.260000000000000000e+02 4.291871548653999753e+02
8.270000000000000000e+02 4.279339855110000030e+02
8.280000000000000000e+02 4.265560702202000130e+02
8.290000000000000000e+02 4.252704028199000277e+02
8.300000000000000000e+02 4.236083977269000229e+02
8.310000000000000000e+02 4.214875392627999986e+02
8.320000000000000000e+02 4.191938217992000091e+02
8.330000000000000000e+02 4.169712306330999922e+02
8.340000000000000000e+02 4.141771168226999862e+02
8.350000000000000000e+02 4.107749881894000055e+02
8.360000000000000000e+02 4.083884911833000046e+02
8.370000000000000000e+02 4.059240914746999920e+02
8.380000000000000000e+02 4.039498355886000240e+02
8.390000000000000000e+02 3.996956317506000005e+02
8.400000000000000000e+02 4.007535032628999829e+02
8.410000000000000000e+02 3.934627786232999824e+02
8.420000000000000000e+02 3.947063085911000258e+02
8.430000000000000000e+02 3.912230754897000224e+02
8.440000000000000000e+02 3.824044392801000072e+02
8.450000000000000000e+02 3.969099765964999733e+02
8.460000000000000000e+02 3.831396185479999872e+02
8.470000000000000000e+02 3.714068483752000134e+02
8.480000000000000000e+02 3.983075883843000042e+02
8.490000000000000000e+02 3.927490233040999783e+02
8.500000000000000000e+02 3.578075606199000163e+02
8.510000000000000000e+02 3.760124159028999884e+02
8.520000000000000000e+02 4.044689127282999834e+02
8.530000000000000000e+02 3.974631109836000178e+02
8.540000000000000000e+02 3.545224136940000221e+02
8.550000000000000000e+02 3.512661136475999797e+02
8.560000000000000000e+02 3.976150867523999750e+02
8.570000000000000000e+02 4.155654032641999720e+02
8.580000000000000000e+02 4.047716549754999846e+02
8.590000000000000000e+02 3.608829351795000093e+02
8.600000000000000000e+02 3.260354007407000267e+02
8.610000000000000000e+02 3.787803729536000219e+02
8.620000000000000000e+02 4.139130025466000120e+02
8.630000000000000000e+02 4.252080183374999933e+02
8.640000000000000000e+02 4.177730893015000220e+02
8.650000000000000000e+02 3.880728989012000056e+02
8.660000000000000000e+02 3.284354885357000171e+02
8.670000000000000000e+02 3.282065510598999936e+02
8.680000000000000000e+02 3.865884411824999916e+02
8.690000000000000000e+02 4.171581305181999824e+02
8.700000000000000000e+02 4.302104944984000099e+02
8.710000000000000000e+02 4.319289770504000217e+02
8.720000000000000000e+02 4.232507852813000113e+02
8.730000000000000000e+02 4.006987326482000071e+02
8.740000000000000000e+02 3.543650294783000163e+02
8.750000000000000000e+02 2.985379302520000238e+02
8.760000000000000000e+02 3.475295329543999969e+02
8.770000000000000000e+02 3.949182760231000202e+02
8.780000000000000000e+02 4.184078294030999814e+02
8.790000000000000000e+02 4.296241285638000136e+02
8.800000000000000000e+02 4.339633074243999999e+02
8.810000000000000000e+02 4.336175338758999942e+02
8.820000000000000000e+02 4.288620347620000075e+02
8.830000000000000000e+02 4.180632941239999809e+02
8.840000000000000000e+02 3.970569932175999952e+02
8.850000000000000000e+02 3.568909056759000009e+02
8.860000000000000000e+02 2.937284917374000202e+02
8.870000000000000000e+02 3.210634237982999935e+02
8.880000000000000000e+02 3.754468822429000170e+02
8.890000000000000000e+02 4.034576083508999886e+02
8.900000000000000000e+02 4.176061299488000031e+02
8.910000000000000000e+02 4.245790669004999813e+02
8.920000000000000000e+02 4.276616357876000052e+02
8.930000000000000000e+02 4.285058751075000032e+02
8.940000000000000000e+02 4.279089260307000018e+02
8.950000000000000000e+02 4.260490903978000006e+02
8.960000000000000000e+02 4.225808602814000210e+02
8.970000000000000000e+02 4.166484238288999791e+02
8.980000000000000000e+02 4.063743431909999799e+02
8.990000000000000000e+02 3.879096349462000148e+02
9.000000000000000000e+02 3.537462871852000035e+02
9.010000000000000000e+02 2.936799127668999745e+02
9.020000000000000000e+02 2.948436195137999789e+02
9.030000000000000000e+02 3.525929237808999801e+02
9.040000000000000000e+02 3.840337300430999790e+02
9.050000000000000000e+02 4.000614718942999843e+02
9.060000000000000000e+02 4.081663139280000223e+02
9.070000000000000000e+02 4.122024211519999994e+02
9.080000000000000000e+02 4.140283287698999857e+02
9.090000000000000000e+02 4.146216489302000241e+02
9.100000000000000000e+02 4.145489673627999991e+02
9.110000000000000000e+02 4.140074160872999869e+02
9.120000000000000000e+02 4.131296638650999853e+02
9.130000000000000000e+02 4.119662969342999759e+02
9.140000000000000000e+02 4.104914150609000103e+02
9.150000000000000000e+02 4.085896957681000004e+02
9.160000000000000000e+02 4.061664319619999901e+02
9.170000000000000000e+02 4.027716144226000097e+02
9.180000000000000000e+02 3.977100474421000058e+02
9.190000000000000000e+02 3.896385866676000092e+02
9.200000000000000000e+02 3.758893592182000134e+02
9.210000000000000000e+02 3.510157087590000060e+02
9.220000000000000000e+02 3.050467304044000230e+02
9.230000000000000000e+02 2.635813582298000028e+02
9.240000000000000000e+02 3.154680525819999843e+02
9.250000000000000000e+02 3.539795862961000239e+02
9.260000000000000000e+02 3.737767896610999969e+02
9.270000000000000000e+02 3.838799395524999909e+02
9.280000000000000000e+02 3.890164308632000143e+02
9.290000000000000000e+02 3.915679133647000185e+02
9.300000000000000000e+02 3.926874804148000067e+02
9.310000000000000000e+02 3.929854884439000102e+02
9.320000000000000000e+02 3.928840000531000101e+02
9.330000000000000000e+02 3.924600252518000048e+02
9.340000000000000000e+02 3.918580105153000090e+02
9.350000000000000000e+02 3.911275913224999954e+02
9.360000000000000000e+02 3.903178537288000030e+02
9.370000000000000000e+02 3.894272955549000130e+02
9.380000000000000000e+02 3.884833888059000060e+02
9.390000000000000000e+02 3.874916755913000088e+02
9.400000000000000000e+02 3.864711344381000231e+02
9.410000000000000000e+02 3.853782326314999978e+02
9.420000000000000000e+02 3.842813393664999921e+02
9.430000000000000000e+02 3.830728677427999855e+02
9.440000000000000000e+02 3.817583718225000098e+02
9.450000000000000000e+02 3.802725585824999825e+02
9.460000000000000000e+02 3.785801739381000175e+02
9.470000000000000000e+02 3.765236320459000012e+02
9.480000000000000000e+02 3.738817681439999774e+02
9.490000000000000000e+02 3.702599530237000067e+02
9.500000000000000000e+02 3.648680371295000100e+02
9.510000000000000000e+02 3.562271514724999975e+02
9.520000000000000000e+02 3.413530880554000078e+02
9.530000000000000000e+02 3.147737802519999946e+02
9.540000000000000000e+02 2.666250429117999943e+02
9.550000000000000000e+02 2.564543018249000284e+02
9.560000000000000000e+02 3.059365364010000121e+02
9.570000000000000000e+02 3.337888311007000084e+02
9.580000000000000000e+02 3.483103188445999763e+02
9.590000000000000000e+02 3.558440344320999884e+02
9.600000000000000000e+02 3.597182268726999723e+02
9.610000000000000000e+02 3.616447512435000249e+02
9.620000000000000000e+02 3.624956537187999857e+02
9.630000000000000000e+02 3.627583332861000258e+02
9.640000000000000000e+02 3.626404365408999979e+02
9.650000000000000000e+02 3.622240259628999866e+02
9.660000000000000000e+02 3.616511816647000046e+02
9.670000000000000000e+02 3.610332382313000039e+02
9.680000000000000000e+02 3.603417623821000007e+02
9.690000000000000000e+02 3.595849400248000052e+02
9.700000000000000000e+02 3.588087583830999847e+02
9.710000000000000000e+02 3.580154380171999833e+02
9.720000000000000000e+02 3.571992813940000246e+02
9.730000000000000000e+02 3.563812332410000181e+02
9.740000000000000000e+02 3.555267865737000079e+02
9.750000000000000000e+02 3.546773046942000178e+02
9.760000000000000000e+02 3.538379550495000103e+02
9.770000000000000000e+02 3.529674111018999838e+02
9.780000000000000000e+02 3.521062834487000259e+02
9.790000000000000000e+02 3.512355458398999986e+02
9.800000000000000000e+02 3.503715771445000087e+02
9.810000000000000000e+02 3.495019050789999824e+02
9.820000000000000000e+02 3.486318743347999884e+02
9.830000000000000000e+02 3.477590909908000185e+02
9.840000000000000000e+02 3.468628264977999720e+02
9.850000000000000000e+02 3.459816971009000213e+02
9.860000000000000000e+02 3.450840417233999915e+02
9.870000000000000000e+02 3.441774662684999839e+02
9.880000000000000000e+02 3.432670950369999900e+02
9.890000000000000000e+02 3.423289174784999886e+02
9.900000000000000000e+02 3.413830572229999802e+02
9.910000000000000000e+02 3.404058134805000009e+02
9.920000000000000000e+02 3.393800523691999729e+02
9.930000000000000000e+02 3.383153448469000182e+02
9.940000000000000000e+02 3.371648357238000244e+02
9.950000000000000000e+02 3.359272389221999902e+02
9.960000000000000000e+02 3.344914415756999801e+02
9.970000000000000000e+02 3.327781854020000196e+02
9.980000000000000000e+02 3.306325663436999776e+02
9.990000000000000000e+02 3.278158384542999784e+02
