2.500000000000000000e+02 4.500000000000000114e-06
3.000000000000000000e+02 3.000000000000000076e-06
3.500000000000000000e+02 1.799999999999999919e-06
4.000000000000000000e+02 2.399999999999999891e-06
4.500000000000000000e+02 6.000000000000000152e-06
5.000000000000000000e+02 7.500000000000000190e-06
5.500000000000000000e+02 8.250000000000000633e-06
6.000000000000000000e+02 8.399999999999999196e-06
6.500000000000000000e+02 8.699999999999999712e-06
7.000000000000000000e+02 8.790000000000000545e-06
7.500000000000000000e+02 8.549999999999999454e-06
8.000000000000000000e+02 8.100000000000000375e-06
8.500000000000000000e+02 7.799999999999999859e-06
9.000000000000000000e+02 7.199999999999999674e-06
9.500000000000000000e+02 6.900000000000000005e-06
1.000000000000000000e+03 6.600000000000000337e-06
1.050000000000000000e+03 6.450000000000000079e-06
1.100000000000000000e+03 5.550000000000000225e-06
